#JOSM PicLayer plugin calibration data
#Sat Nov 29 19:39:19 EST 2025
INITIAL_SCALE=6.022624728456851
M00=-0.1668839880010932
M01=0.4686250656910615
M02=150.26552214707237
M10=-0.4686250656910615
M11=-0.1668839880010932
M12=92.6680249031843
POSITION_X=-8539558.871191036
POSITION_Y=4758259.657678199
