#JOSM PicLayer plugin calibration data
#Sat Nov 29 22:18:57 EST 2025
INITIAL_SCALE=5.780068778293227
M00=0.415024499693577
M01=0.14774385617081184
M02=306.44957598357246
M10=-0.14774385617081184
M11=0.415024499693577
M12=-29.614280807360903
POSITION_X=-8539757.129320081
POSITION_Y=4758288.949731464
