#JOSM PicLayer plugin calibration data
#Sat Nov 29 17:03:55 EST 2025
INITIAL_SCALE=11.848462662889801
M00=-0.2415594118228766
M01=0.1966336435289136
M02=-208.22770835992245
M10=-0.19664994721399512
M11=-0.24014039438713547
M12=232.01305309233572
POSITION_X=-8539460.675256815
POSITION_Y=4758539.627248702
