#JOSM PicLayer plugin calibration data
#Sun Nov 23 14:32:32 EST 2025
INITIAL_SCALE=5.780069164761399
M00=0.2679846129694707
M01=0.09484574912390299
M02=26.70741201535387
M10=-0.09484574912390299
M11=0.2679846129694707
M12=103.00281977735781
POSITION_X=-8539221.547603335
POSITION_Y=4758301.26624481
