#JOSM PicLayer plugin calibration data
#Sat Nov 29 18:51:19 EST 2025
INITIAL_SCALE=10.41730699236773
M00=-0.06248104980881844
M01=0.1757158722456537
M02=118.21393659517963
M10=-0.1757158722456537
M11=-0.06248104980881844
M12=-69.89728935810747
POSITION_X=-8539609.970721839
POSITION_Y=4758119.217767039
