#JOSM PicLayer plugin calibration data
#Sat Nov 29 18:51:25 EST 2025
INITIAL_SCALE=31.683513095216515
M00=-0.02739740974892202
M01=0.0742744924223852
M02=119.79766385290473
M10=-0.0742744924223852
M11=-0.02739740974892202
M12=31.13178205193094
POSITION_X=-8539637.943781117
POSITION_Y=4758152.0155245
