#JOSM PicLayer plugin calibration data
#Sat Nov 29 23:10:22 EST 2025
INITIAL_SCALE=5.780124382823362
M00=0.39109781739285376
M01=0.1439870143751145
M02=162.9532451565426
M10=-0.1439870143751145
M11=0.39109781739285376
M12=-31.017833950193044
POSITION_X=-8539779.22439857
POSITION_Y=4758196.911786272
