#JOSM PicLayer plugin calibration data
#Sat Nov 29 23:10:19 EST 2025
INITIAL_SCALE=5.7801240403865775
M00=0.4278149927151047
M01=0.14831482411158373
M02=175.85394168536098
M10=-0.14831482411158373
M11=0.4278149927151047
M12=-184.85777552441914
POSITION_X=-8539782.956675341
POSITION_Y=4758183.848817572
