#JOSM PicLayer plugin calibration data
#Sat Nov 29 23:10:16 EST 2025
INITIAL_SCALE=11.560230873231689
M00=0.20392860539287347
M01=0.07789501458931003
M02=44.27632424082412
M10=-0.07789501458931003
M11=0.20392860539287347
M12=66.6605067355315
POSITION_X=-8539770.15504066
POSITION_Y=4758204.339091693
