#JOSM PicLayer plugin calibration data
#Sat Nov 29 23:39:07 EST 2025
INITIAL_SCALE=11.560539576950369
M00=-0.12754399570434455
M01=0.37578222012500234
M02=-119.79745387152074
M10=-0.37578222012500234
M11=-0.12754399570434455
M12=-47.77982655859484
POSITION_X=-8539582.64545565
POSITION_Y=4757953.380801562
