#JOSM PicLayer plugin calibration data
#Sat Nov 29 20:46:14 EST 2025
INITIAL_SCALE=9.158594860270219
M00=0.29911953597317614
M01=0.1114356079079993
M02=11.07626930494728
M10=-0.1114356079079993
M11=0.29911953597317614
M12=-74.28804857599006
POSITION_X=-8539631.303206848
POSITION_Y=4758243.759328316
