#JOSM PicLayer plugin calibration data
#Sat Nov 29 20:46:21 EST 2025
INITIAL_SCALE=84.71784621043655
M00=0.030617127577571405
M01=0.011231837284824114
M02=10.111030696985905
M10=-0.011231837284824114
M11=0.030617127577571405
M12=-7.303421928494559
POSITION_X=-8539635.40463185
POSITION_Y=4758243.1276846565
