#JOSM PicLayer plugin calibration data
#Sat Nov 29 20:46:17 EST 2025
INITIAL_SCALE=27.85491783066541
M00=0.09369801104507636
M01=0.03443742406486742
M02=26.420254182926826
M10=-0.03443742406486742
M11=0.09369801104507636
M12=-17.581185385183833
POSITION_X=-8539642.061652113
POSITION_Y=4758248.999274065
