#JOSM PicLayer plugin calibration data
#Sat Nov 29 17:47:39 EST 2025
INITIAL_SCALE=4.5045963873996895
M00=0.47913651903426013
M01=0.17728735365764586
M02=-11.830542277277676
M10=-0.17728735365764586
M11=0.47913651903426013
M12=-6.735570859646281
POSITION_X=-8539686.840262977
POSITION_Y=4757979.857664936
