#JOSM PicLayer plugin calibration data
#Sat Nov 29 23:36:33 EST 2025
INITIAL_SCALE=5.780175320182679
M00=0.1432980471944308
M01=-0.39199337300277165
M02=-301.88498636090725
M10=0.39199337300277165
M11=0.1432980471944308
M12=222.21262914037757
POSITION_X=-8539778.179361071
POSITION_Y=4758116.070671397
