#JOSM PicLayer plugin calibration data
#Sat Nov 29 23:36:28 EST 2025
INITIAL_SCALE=5.780175320182679
M00=0.1467146756248275
M01=-0.404873387458005
M02=-345.24974368527626
M10=0.404873387458005
M11=0.1467146756248275
M12=29.26512898045109
POSITION_X=-8539770.416225389
POSITION_Y=4758089.944733995
