#JOSM PicLayer plugin calibration data
#Sat Nov 29 23:36:24 EST 2025
INITIAL_SCALE=11.560348670051043
M00=0.0730552184525492
M01=-0.19891295745768572
M02=-67.89708914099079
M10=0.20379119078809516
M11=0.07483782830487498
M12=-14.122175912413379
POSITION_X=-8539778.067467414
POSITION_Y=4758090.579295691
