#JOSM PicLayer plugin calibration data
#Sat Nov 29 21:43:30 EST 2025
INITIAL_SCALE=11.5602892562243
M00=-0.05624778171288849
M01=0.15585701258441662
M02=9.700826524512427
M10=-0.15585701258441662
M11=-0.05624778171288849
M12=-72.60891496053182
POSITION_X=-8539673.71300888
POSITION_Y=4758153.804064203
