#JOSM PicLayer plugin calibration data
#Sat Nov 29 21:43:38 EST 2025
INITIAL_SCALE=5.78014347365815
M00=0.13582649075948264
M01=-0.3483402356690551
M02=88.25550860631137
M10=0.3483402356690551
M11=0.13582649075948264
M12=32.37360098730065
POSITION_X=-8539693.456678355
POSITION_Y=4758169.069001555
