#JOSM PicLayer plugin calibration data
#Sat Nov 29 18:03:55 EST 2025
INITIAL_SCALE=6.850268288061913
M00=0.3210541918763958
M01=0.11787636681548089
M02=-152.02388834743311
M10=-0.11787636681548089
M11=0.3210541918763958
M12=5.405190947577054
POSITION_X=-8539613.879327284
POSITION_Y=4758043.400368549
