#JOSM PicLayer plugin calibration data
#Sat Nov 29 21:43:34 EST 2025
INITIAL_SCALE=5.780135383599704
M00=-0.1325307525296959
M01=0.3250997781510467
M02=346.8966952302224
M10=-0.3250997781510467
M11=-0.1325307525296959
M12=123.89710022681426
POSITION_X=-8539699.540289493
POSITION_Y=4758173.846315824
