#JOSM PicLayer plugin calibration data
#Sat Nov 29 22:18:54 EST 2025
INITIAL_SCALE=5.780073916093329
M00=0.4334068553199843
M01=0.15801897858478228
M02=284.38525808445803
M10=-0.15801897858478228
M11=0.4334068553199843
M12=-259.648194544359
POSITION_X=-8539750.709804034
POSITION_Y=4758269.915119928
