#JOSM PicLayer plugin calibration data
#Sat Nov 29 22:18:50 EST 2025
INITIAL_SCALE=11.560165980096373
M00=0.05277899992162067
M01=-0.1492073058896409
M02=98.76594888957067
M10=0.1492073058896409
M11=0.05277899992162067
M12=-157.50733949509535
POSITION_X=-8539726.263465822
POSITION_Y=4758260.32324327
