#JOSM PicLayer plugin calibration data
#Sun Nov 23 13:56:35 EST 2025
INITIAL_SCALE=5.78012981900597
M00=0.1224822826328307
M01=-0.3367851087451015
M02=104.71774784303753
M10=0.33905687375713406
M11=0.12337465893346583
M12=150.93427964306684
POSITION_X=-8539281.802461775
POSITION_Y=4758200.126361928
