#JOSM PicLayer plugin calibration data
#Sun Nov 23 13:31:58 EST 2025
INITIAL_SCALE=11.848917203838473
M00=0.23466216130525117
M01=0.09073968018296609
M02=46.61317510236239
M10=-0.09073968018296609
M11=0.23466216130525117
M12=-35.92737186625048
POSITION_X=-8539413.417211875
POSITION_Y=4758108.740502344
